#create vector of numbers
vec<-c(8, 3, 8, 7, 15, 9, 12, 4, 9, 10, 5, 1)
